110011101101011110011110011110011110011110101101110011
110011101011111011111011111011111011111011111011100000
000011111101111101111101111011110111101111011111000001
000011111101111101111011100111111011111101111101100011
111101111001110101101101011101000000111101111101111101
000001011111011111000111111011111101111101111011000111
110000101111011111010011001101011110011110101101110011
000000111110111101111011111011110111110111101111101111
100001011110011110101101100001011110011110011110100001
110011101101011110011110101100110010111110111101000011
